255.42759704589844  171.07012939453125
238.0  161.5
217.0  156.5
216.48434448242188  160.36752319335938
216.5  156.5
507.5  387.0
466.0  365.5
469.3636474609375  352.1363525390625
216.3275604248047  162.53016662597656
216.0  159.5
196.62765502929688  161.01063537597656
567.0624389648438  301.7969665527344
536.0  326.5
522.0  394.5
500.5  397.5
477.0  381.5
481.0  363.5
474.5  355.5
424.6806945800781  340.6631164550781
430.6946716308594  322.57879638671875
431.61151123046875  274.46337890625
475.5  309.9978942871094
469.0  310.8382873535156
469.0  301.796142578125
482.0  307.5
438.0  294.70355224609375
436.5  290.7607116699219
438.0  287.9315490722656
438.5  285.5
442.0  270.5
467.7351989746094  280.5927429199219
449.0  277.5
452.5  277.5
457.5  280.5
459.5  278.5
458.5  277.5
454.0  277.5
451.5  272.5
368.39471435546875  305.0899963378906
460.0  277.5
467.0  279.5
473.5  271.5
475.0  275.5
474.0  272.5
479.0  261.5
485.5  261.5
487.0  259.5
481.0  263.5
473.0  270.5
451.5  285.5
433.0  249.43894958496094
436.1332092285156  271.25146484375
437.5  277.5
430.0  285.5
427.0  286.5
426.5  291.5
384.7873840332031  309.94720458984375
428.0  287.5
426.0  289.5
429.0  284.5
429.0  291.5
429.5  293.5
430.0  297.5
367.5981140136719  345.97601318359375
430.5  287.5
428.0  301.5
432.0  301.5
426.0  303.5
429.5  309.6048278808594
430.5  306.9682922363281
431.5  334.5
465.6418151855469  394.0294494628906
512.0  373.5
180.5  157.5
190.6627960205078  157.88760375976562
185.0  156.5
217.5  149.5
192.7496795654297  147.97222900390625
217.89480590820312  152.43629455566406
289.5  343.5
218.13092041015625  152.5109100341797
223.0  151.0
227.5  167.5
